<?xml version="1.0" encoding="UTF-8" standalone="no"?>
<!-- Created with Inkscape (http://www.inkscape.org/) -->

<svg
   width="9.2604151mm"
   height="6.8791656mm"
   viewBox="0 0 9.2604151 6.8791656"
   version="1.1"
   id="svg1"
   xmlns="http://www.w3.org/2000/svg"
   xmlns:svg="http://www.w3.org/2000/svg">
  <defs
     id="defs1" />
  <g
     id="layer1"
     transform="translate(-84.66667,-115.35837)">
    <path
       d="m 93.802703,119.35399 c -0.03244,0.0246 -0.06932,0.0425 -0.108585,0.0527 -0.03926,0.0102 -0.08014,0.0124 -0.120253,0.007 -0.04014,-0.006 -0.07874,-0.0195 -0.113613,-0.0404 -0.03487,-0.0209 -0.06535,-0.0485 -0.08967,-0.0813 -0.186028,-0.25292 -0.428175,-0.45813 -0.70694,-0.59912 -0.278739,-0.14097 -0.586343,-0.21379 -0.898022,-0.21257 -0.06067,0 -0.120015,-0.0181 -0.170604,-0.052 -0.05056,-0.0339 -0.09012,-0.0822 -0.113718,-0.13878 -0.01603,-0.0384 -0.02429,-0.0797 -0.02429,-0.12136 0,-0.0417 0.0082,-0.083 0.02429,-0.12137 0.0236,-0.0566 0.06316,-0.10482 0.113718,-0.13876 0.05059,-0.0339 0.109934,-0.052 0.170603,-0.0521 0.173196,-1e-5 0.3429,-0.0491 0.489849,-0.14183 0.14695,-0.0927 0.265272,-0.22519 0.341498,-0.38247 0.07623,-0.15728 0.107315,-0.33303 0.08975,-0.5073 -0.01757,-0.17426 -0.08311,-0.34004 -0.189177,-0.47852 -0.106045,-0.13847 -0.248365,-0.24409 -0.410793,-0.30485 -0.162427,-0.0608 -0.338455,-0.0742 -0.508052,-0.0389 -0.169625,0.0354 -0.326046,0.11811 -0.451485,0.23887 -0.125439,0.12076 -0.214895,0.27468 -0.258181,0.44428 -0.01013,0.0397 -0.02791,0.077 -0.05231,0.1098 -0.02437,0.0328 -0.0549,0.0604 -0.08983,0.0812 -0.03495,0.0208 -0.07358,0.0345 -0.113744,0.0402 -0.04016,0.006 -0.08102,0.003 -0.120306,-0.007 -0.03926,-0.0102 -0.07615,-0.0282 -0.108532,-0.0529 -0.03241,-0.0247 -0.05969,-0.0555 -0.08028,-0.0909 -0.02061,-0.0353 -0.03413,-0.0744 -0.03979,-0.11503 -0.0057,-0.0406 -0.0034,-0.082 0.0068,-0.12168 0.06009,-0.23519 0.173619,-0.45295 0.331549,-0.63595 0.157957,-0.18299 0.355918,-0.32618 0.578194,-0.41817 0.222277,-0.092 0.462704,-0.13023 0.702178,-0.11169 0.239448,0.0185 0.471329,0.0934 0.677175,0.21848 0.205845,0.12513 0.379968,0.29713 0.508529,0.50231 0.128561,0.20518 0.208015,0.43788 0.232013,0.67958 0.024,0.2417 -0.0081,0.48573 -0.09374,0.71267 -0.08565,0.22695 -0.222462,0.43054 -0.3996,0.59459 0.419682,0.18378 0.784516,0.47546 1.05828,0.84601 0.02432,0.0329 0.04196,0.0703 0.05196,0.11009 0.01,0.0398 0.01214,0.0812 0.0063,0.12184 -0.0058,0.0406 -0.01955,0.0797 -0.04035,0.11496 -0.0208,0.0353 -0.04826,0.066 -0.08083,0.0906 z m -2.078726,2.40385 c 0.02233,0.0355 0.03731,0.0753 0.04408,0.11681 0.0067,0.0415 0.0051,0.084 -0.0048,0.12494 -0.0099,0.0409 -0.02786,0.0794 -0.05284,0.11303 -0.02498,0.0337 -0.05644,0.0619 -0.09247,0.083 -0.03604,0.0211 -0.07591,0.0346 -0.117237,0.0396 -0.04133,0.005 -0.08324,0.002 -0.123216,-0.0101 -0.03998,-0.0117 -0.07721,-0.0315 -0.109432,-0.0582 -0.0322,-0.0267 -0.05876,-0.0596 -0.07805,-0.0969 -0.194442,-0.33301 -0.471355,-0.60897 -0.803407,-0.80068 -0.332052,-0.19172 -0.707787,-0.29255 -1.090136,-0.29255 -0.382349,0 -0.758084,0.10083 -1.090163,0.29255 -0.332052,0.19171 -0.608965,0.46767 -0.80338,0.80068 -0.01932,0.0373 -0.04585,0.0703 -0.07808,0.0969 -0.03222,0.0267 -0.06944,0.0464 -0.109419,0.0582 -0.03998,0.0117 -0.08189,0.0152 -0.123214,0.0101 -0.04132,-0.005 -0.0812,-0.0185 -0.117242,-0.0396 -0.03604,-0.0211 -0.06749,-0.0493 -0.09247,-0.083 -0.02497,-0.0337 -0.04295,-0.0721 -0.05286,-0.11303 -0.0099,-0.0409 -0.01153,-0.0834 -0.0048,-0.12494 0.0067,-0.0415 0.02175,-0.0813 0.04408,-0.11681 0.299232,-0.52004 0.755474,-0.92927 1.301706,-1.16758 -0.307366,-0.23805 -0.533241,-0.56751 -0.645901,-0.9421 -0.112686,-0.3746 -0.106442,-0.7755 0.01778,-1.14631 0.124249,-0.37084 0.36023,-0.69298 0.674846,-0.92113 0.31459,-0.22815 0.691965,-0.35085 1.079077,-0.35085 0.387086,0 0.764461,0.1227 1.079077,0.35085 0.314589,0.22815 0.550598,0.55029 0.67482,0.92113 0.124248,0.37081 0.130466,0.77171 0.01781,1.14631 -0.112686,0.37459 -0.338561,0.70405 -0.645927,0.9421 0.546232,0.23831 1.00248,0.64754 1.301723,1.16758 z m -2.427499,-1.40486 c 0.244158,0 0.482865,-0.0732 0.685879,-0.21045 0.203042,-0.13721 0.361289,-0.33224 0.454713,-0.56041 0.09345,-0.22818 0.117899,-0.47927 0.07027,-0.7215 -0.04765,-0.24222 -0.165233,-0.46474 -0.3379,-0.63939 -0.17264,-0.17462 -0.392641,-0.29356 -0.632116,-0.34174 -0.239501,-0.0482 -0.487733,-0.0235 -0.713316,0.0711 -0.225584,0.0945 -0.418412,0.25457 -0.554064,0.45994 -0.135652,0.20534 -0.208069,0.44677 -0.208069,0.69376 0,0.33118 0.13007,0.64881 0.361606,0.883 0.231537,0.23418 0.545545,0.36573 0.872993,0.36573 z m -2.160529,-2.1853 c 0,-0.0828 -0.03252,-0.16219 -0.0904,-0.22075 -0.05788,-0.0585 -0.136388,-0.0914 -0.218245,-0.0914 -0.173177,-1e-5 -0.342881,-0.0491 -0.489833,-0.14183 -0.146953,-0.0927 -0.265261,-0.22519 -0.341493,-0.38247 -0.07623,-0.15728 -0.107323,-0.33303 -0.08975,-0.5073 0.01757,-0.17426 0.08311,-0.34004 0.189167,-0.47852 0.106055,-0.13847 0.248377,-0.24409 0.410803,-0.30485 0.162425,-0.0608 0.338441,-0.0742 0.508058,-0.0389 0.169614,0.0354 0.326027,0.11811 0.451466,0.23887 0.125466,0.12076 0.214895,0.27468 0.258207,0.44428 0.02045,0.0802 0.0716,0.14891 0.142134,0.19099 0.07054,0.0421 0.154729,0.0541 0.234024,0.0334 0.0793,-0.0207 0.147214,-0.0724 0.188833,-0.14376 0.04159,-0.0714 0.05347,-0.1565 0.03299,-0.23671 -0.06009,-0.23519 -0.173619,-0.45295 -0.331549,-0.63595 -0.157929,-0.18299 -0.355917,-0.32618 -0.578193,-0.41817 -0.222274,-0.092 -0.462706,-0.13023 -0.702168,-0.11169 -0.239458,0.0185 -0.471336,0.0934 -0.677179,0.21848 -0.205844,0.12513 -0.379974,0.29713 -0.508535,0.50231 -0.128561,0.20518 -0.208002,0.43788 -0.232005,0.67958 -0.024,0.2417 0.0081,0.48573 0.09374,0.71267 0.08565,0.22695 0.222478,0.43054 0.399603,0.59459 -0.419261,0.18397 -0.783685,0.47562 -1.057111,0.84601 -0.04917,0.0663 -0.0703,0.14952 -0.05876,0.23154 0.01154,0.082 0.05481,0.15599 0.1203,0.20574 0.06549,0.0497 0.147821,0.0711 0.228892,0.0594 0.08107,-0.0117 0.154239,-0.0554 0.203406,-0.12168 0.186029,-0.25292 0.428173,-0.45813 0.706935,-0.59912 0.278762,-0.14097 0.586359,-0.21379 0.898022,-0.21257 0.08186,0 0.160362,-0.0329 0.218245,-0.0914 0.05788,-0.0585 0.0904,-0.13795 0.0904,-0.22074 z"
       fill="#444444"
       id="path1"
       style="fill:#000000;stroke-width:0.264583" />
  </g>
</svg>
